146.871
147.262
147.458
147.653
147.458
147.458
147.067
146.675
146.284
145.698
145.111
144.329
143.546
142.764
141.982
141.2
140.417
139.635
139.048
138.266
137.679
136.897
136.31
135.528
134.941
134.159
133.377
132.79
132.008
131.421
130.835
130.052
129.466
128.879
128.292
127.705
127.119
126.336
125.75
125.359
124.967
125.163
125.554
126.728
128.292
130.052
131.812
133.572
135.137
136.506
137.875
139.048
140.026
141.004
141.982
142.764
143.546
144.329
145.111
145.698
146.48
147.067
147.653
148.044
148.436
148.827
149.022
149.022
148.827
148.436
148.044
147.458
146.871
146.089
145.111
144.133
142.96
141.982
141.004
140.026
139.048
138.266
137.288
136.506
135.724
134.941
134.355
133.572
132.79
132.008
131.226
130.443
129.857
128.879
128.292
127.51
126.728
125.945
125.359
124.576
123.99
123.403
122.816
122.425
121.838
121.643
121.838
122.621
123.794
125.554
127.314
129.074
130.835
132.399
133.768
134.941
136.115
137.093
138.07
139.048
139.831
140.613
141.395
142.177
142.764
143.351
143.938
144.524
144.915
145.306
145.502
145.698
145.698
145.502
145.306
144.72
144.329
143.742
142.96
142.177
141.395
140.417
139.439
138.657
137.679
136.897
136.115
135.333
134.55
133.768
132.986
132.203
131.421
130.639
129.857
129.074
128.488
127.705
127.119
126.336
125.75
125.359
124.772
124.185
123.794
123.207
122.816
122.23
121.838
121.838
122.034
122.816
124.185
125.75
127.705
129.661
131.421
132.986
134.355
135.528
136.702
137.679
138.657
139.635
140.613
141.395
142.177
142.96
143.546
144.329
144.915
145.306
145.893
146.284
146.675
146.675
146.675
146.48
146.089
145.698
145.111
144.524
143.742
142.96
141.982
141.2
140.222
139.439
138.657
137.875
137.093
136.31
135.724
134.941
134.355
133.572
132.79
132.203
131.421
130.835
130.052
129.27
128.683
128.097
127.314
126.728
126.141
125.554
124.772
124.185
123.599
123.012
122.621
122.621
123.012
123.99
125.359
127.119
129.074
130.835
132.595
134.159
135.333
136.702
137.679
138.853
139.831
140.808
141.591
142.373
143.155
143.938
144.72
145.306
145.893
146.284
146.871
147.067
147.262
147.458
147.262
147.067
146.675
145.893
145.306
144.524
143.546
142.373
141.395
140.222
139.048
138.07
137.093
136.31
135.333
134.55
133.768
132.986
132.203
131.617
131.03
130.248
129.661
129.074
128.292
127.705
126.923
126.336
125.554
124.967
124.185
123.599
123.012
122.425
121.838
121.447
121.056
121.056
121.252
122.034
123.207
124.967
126.728
128.683
130.248
132.008
133.377
134.746
135.919
137.093
138.07
138.853
139.635
140.613
141.2
141.982
142.569
143.351
143.938
144.329
144.915
145.111
145.306
145.306
145.306
145.111
144.72
144.329
143.546
142.764
141.982
140.808
139.831
138.853
137.679
136.702
135.724
134.941
134.355
133.572
132.986
132.399
131.617
131.03
130.443
129.857
129.074
128.488
127.705
127.119
126.336
125.554
124.967
124.381
123.794
123.207
122.621
122.034
121.447
121.056
120.665
120.665
121.056
121.838
123.207
124.967
126.923
128.683
130.443
132.008
133.377
134.746
135.919
137.093
138.07
139.048
139.831
140.808
141.591
142.177
142.96
143.546
143.938
144.524
144.915
145.111
145.306
145.306
145.306
144.915
144.524
143.938
143.351
142.569
141.786
141.004
140.026
139.244
138.266
137.484
136.702
135.919
135.137
134.355
133.572
132.986
132.203
131.421
130.835
130.052
129.466
128.879
128.292
127.705
127.119
126.728
126.141
125.554
125.163
124.576
123.99
123.403
122.621
122.23
121.838
121.838
122.425
123.599
125.163
127.119
128.879
130.835
132.595
133.964
135.333
136.506
137.679
138.853
139.831
140.808
141.786
142.569
143.351
144.133
144.72
145.306
145.893
146.284
146.675
146.871
146.871
146.871
146.48
145.893
145.306
144.329
143.155
142.177
141.004
139.831
139.048
138.07
137.288
136.702
135.919
135.333
134.746
134.159
133.768
133.377
132.986
132.595
132.008
131.617
131.226
130.639
130.052
129.466
128.879
128.292
127.705
127.119
126.728
126.141
125.554
124.967
124.381
123.99
123.794
123.99
124.576
125.945
127.901
130.052
132.399
134.55
136.506
138.266
139.831
141.2
142.373
143.546
144.329
145.306
145.893
146.675
147.262
147.849
148.24
148.631
149.022
149.413
149.609
149.413
149.218
148.827
148.24
147.262
146.089
144.915
143.742
142.373
141.2
140.222
139.244
138.266
137.484
136.506
135.724
134.941
134.159
133.377
132.79
131.812
131.03
130.052
129.074
128.097
127.119
126.336
125.554
124.772
123.99
123.207
122.621
121.838
121.056
120.274
119.296
118.318
117.536
116.949
116.754
117.536
119.296
121.838
124.576
127.314
129.857
132.008
133.768
135.137
136.506
137.679
138.657
139.439
140.417
141.004
141.786
142.373
142.96
143.546
143.938
144.329
144.72
144.915
144.915
144.72
144.524
143.938
143.155
142.177
141.004
139.831
138.853
137.679
136.702
135.724
134.746
133.964
133.181
132.203
131.226
130.248
129.466
128.488
127.51
126.532
125.554
124.576
123.599
122.621
121.838
120.861
119.883
118.905
117.927
116.949
115.971
114.994
114.016
113.038
112.256
111.473
110.887
110.691
111.278
113.038
115.385
118.318
121.252
123.99
126.336
128.292
129.857
131.226
132.399
133.572
134.55
135.528
136.31
137.093
137.679
138.266
139.048
139.439
140.026
140.417
140.808
141.004
141.004
141.004
140.613
139.831
138.853
137.679
136.115
134.55
132.986
131.226
129.661
128.097
126.728
125.359
123.99
123.012
122.034
121.252
120.469
119.687
118.905
118.318
117.536
116.754
115.776
114.798
113.82
112.647
111.669
110.496
109.713
108.735
108.149
107.366
106.78
106.193
105.606
105.02
104.433
104.237
104.824
106.193
108.54
111.473
114.798
117.731
120.274
122.425
124.185
125.75
127.119
128.097
129.27
130.052
131.03
131.812
132.595
133.377
134.159
134.746
135.333
135.919
136.31
136.702
136.897
136.702
136.31
135.528
134.355
132.986
131.421
129.857
128.292
126.728
125.163
123.99
122.816
121.838
121.056
120.274
119.492
119.1
118.514
117.927
117.145
116.558
115.776
114.994
114.211
113.429
112.842
112.06
111.473
110.691
110.104
109.518
108.931
108.344
107.562
106.975
106.193
105.606
105.411
105.802
107.171
109.713
112.842
116.363
119.492
122.23
124.381
126.336
127.901
129.27
130.639
131.812
132.79
133.964
134.746
135.724
136.506
137.288
138.07
138.657
139.244
139.635
139.831
140.026
139.831
139.244
138.462
137.288
135.724
133.964
132.203
130.443
128.879
127.119
125.554
124.185
122.816
121.447
120.274
119.1
117.927
116.754
115.776
114.798
114.016
113.233
112.256
111.473
110.496
109.713
108.735
107.758
106.78
105.606
104.433
103.26
102.086
101.108
100.13
99.348
98.566
98.175
98.37
99.544
102.086
105.606
109.518
113.429
116.949
119.883
122.23
124.185
125.945
127.314
128.683
129.857
130.835
131.617
132.399
133.181
133.572
134.159
134.55
134.746
134.941
135.137
135.137
134.941
134.355
133.572
132.203
130.443
128.292
125.945
123.403
120.861
118.318
116.167
114.016
112.451
111.278
110.3
109.322
108.54
107.953
107.171
106.584
105.606
104.824
103.846
102.673
101.695
100.717
99.739
98.957
98.175
97.588
96.806
96.219
95.632
95.046
94.459
93.481
92.699
91.917
91.33
91.33
92.503
95.046
98.761
102.868
106.975
110.496
113.233
115.58
117.34
118.905
120.078
121.056
122.034
123.012
123.794
124.576
125.359
125.75
126.336
126.728
127.119
127.119
127.314
127.119
126.728
126.141
125.163
123.99
122.425
120.861
119.1
117.34
115.776
114.211
112.842
111.473
110.3
109.322
108.149
107.171
106.389
105.606
104.628
104.042
103.455
102.868
102.477
101.891
101.108
100.326
99.544
98.761
97.979
97.001
96.219
95.241
94.459
93.872
93.286
92.699
92.308
91.917
91.917
92.699
94.459
97.393
101.304
105.606
109.518
112.842
115.58
117.731
119.492
121.056
122.23
123.403
124.381
125.359
125.945
126.728
127.119
127.51
127.901
128.292
128.488
128.683
128.683
128.683
128.292
127.705
126.728
125.359
123.794
122.034
120.274
118.514
116.949
115.385
114.211
113.233
112.647
111.864
111.278
110.691
110.104
109.518
108.735
107.953
107.171
106.193
105.215
104.237
103.26
102.673
102.086
101.499
100.913
100.326
99.739
99.153
98.37
97.588
96.806
96.024
95.241
94.655
94.655
95.632
98.175
102.282
106.975
111.864
116.167
119.492
122.23
124.185
125.945
127.314
128.488
129.466
130.443
131.226
132.008
132.595
132.986
133.377
133.572
133.768
133.768
133.572
133.377
132.79
132.008
130.835
129.27
127.51
125.359
123.012
120.861
118.709
116.754
115.189
113.82
112.647
111.473
110.3
109.322
108.344
107.366
106.584
105.802
105.215
104.433
103.846
102.868
102.086
101.108
100.326
99.348
98.37
97.393
96.415
95.437
94.459
93.677
93.09
92.308
91.721
91.134
90.548
90.548
91.525
93.872
97.784
102.477
107.366
111.864
115.58
118.514
120.861
122.816
124.185
125.554
126.532
127.51
128.292
128.879
129.466
130.052
130.248
130.443
130.639
130.639
130.443
130.248
129.857
129.074
127.901
126.336
124.185
122.034
119.492
117.145
114.994
113.233
111.864
110.691
109.713
108.931
108.344
107.758
107.171
106.584
105.997
105.411
104.628
104.042
103.064
102.282
101.499
100.717
99.935
99.348
98.761
98.175
97.588
97.001
96.415
95.828
95.241
94.459
93.677
93.09
92.699
93.286
95.241
98.761
103.455
108.735
113.625
117.927
121.252
123.794
125.945
127.51
128.879
130.052
131.226
132.203
133.181
133.964
134.746
135.333
135.528
135.724
135.724
135.724
135.333
134.746
133.768
132.399
130.835
128.683
126.336
123.99
121.643
119.492
117.731
116.363
114.994
114.016
113.038
112.256
111.473
110.691
110.104
109.127
108.54
107.562
106.975
106.193
105.411
104.628
103.846
102.868
101.891
101.108
100.13
99.348
98.566
97.784
97.197
96.61
96.024
95.437
94.85
94.459
94.655
95.632
97.979
101.891
107.171
112.451
117.731
122.034
125.554
128.488
130.639
132.399
133.768
134.941
135.919
136.702
137.484
137.875
138.266
138.462
138.657
138.853
138.853
138.657
138.462
137.679
136.702
135.137
133.181
130.639
127.705
124.772
121.838
119.1
116.949
114.994
113.429
112.256
111.278
110.3
109.322
108.54
107.758
106.975
105.997
105.215
104.237
103.064
102.282
101.304
100.326
99.544
98.761
97.979
97.197
96.415
95.828
95.046
94.068
93.286
92.308
91.525
90.548
89.961
89.57
89.961
91.721
95.046
99.544
105.02
110.3
114.798
118.709
121.447
123.794
125.554
127.119
128.488
129.661
130.835
131.617
132.399
132.986
133.377
133.572
133.768
133.572
133.377
132.986
132.399
131.421
130.052
128.488
126.336
123.99
121.447
118.905
116.363
114.407
112.647
111.278
109.909
108.931
107.953
107.171
106.389
105.606
105.02
104.433
103.846
103.26
102.477
101.891
101.108
100.13
99.348
98.175
97.197
96.415
95.632
94.85
94.263
93.481
92.894
92.112
91.33
90.548
90.157
89.961
90.548
92.699
96.415
101.499
106.975
112.06
116.558
120.078
122.816
124.967
126.728
128.097
129.074
130.052
131.03
131.812
132.399
132.986
133.377
133.768
133.964
133.964
133.964
133.572
132.986
132.008
130.639
128.683
126.336
123.794
121.056
118.514
116.167
114.211
112.842
111.669
110.691
109.909
109.127
108.54
107.758
107.171
106.193
105.215
104.237
103.26
102.477
101.695
100.913
100.13
99.348
98.37
97.588
96.61
95.828
94.85
94.068
93.09
92.112
91.134
90.352
89.765
89.57
89.961
91.525
94.459
98.957
104.042
109.127
113.429
116.949
119.687
121.838
123.599
125.163
126.532
127.705
128.879
129.857
130.639
131.226
131.617
132.008
132.399
132.595
132.595
132.399
132.008
131.421
130.639
129.27
127.705
125.554
123.207
120.665
118.318
116.167
114.407
112.842
111.669
110.496
109.713
108.735
108.149
107.562
106.975
106.389
105.997
105.411
104.824
104.042
103.455
102.673
101.891
101.108
100.326
99.544
98.957
98.37
97.784
97.393
96.806
96.219
95.632
95.046
94.655
94.85
96.219
99.153
103.455
108.735
114.016
118.709
122.425
125.554
127.901
129.857
131.226
132.399
133.377
134.355
135.137
135.919
136.506
137.093
137.484
137.875
138.07
138.07
137.875
137.484
136.702
135.724
134.159
132.203
129.857
127.119
124.381
121.838
119.687
117.927
116.363
115.189
114.407
113.429
112.647
111.864
111.082
110.3
109.518
108.54
107.758
106.975
106.193
105.411
104.628
103.651
102.868
101.891
101.108
100.13
99.153
98.37
97.588
97.001
96.415
95.632
95.241
94.85
95.046
95.828
98.175
102.086
107.171
112.256
117.34
121.447
124.772
127.314
129.27
131.03
132.399
133.572
134.746
135.528
136.506
137.288
137.875
138.266
138.657
139.048
139.244
139.244
139.048
138.462
137.484
136.115
134.355
132.008
129.27
126.336
123.599
121.056
118.709
116.754
115.189
114.016
112.842
111.864
110.691
109.713
108.54
107.562
106.584
105.606
104.824
103.846
103.064
102.282
101.499
100.522
99.739
98.957
97.979
97.197
96.219
95.241
94.459
93.481
92.699
91.917
91.33
90.743
90.939
92.112
95.046
99.348
104.433
109.909
114.602
118.514
121.643
123.99
125.945
127.51
128.879
130.052
131.03
131.812
132.595
133.181
133.768
134.355
134.55
134.746
134.941
134.941
134.55
133.964
132.986
131.421
129.466
127.119
124.381
121.447
118.905
116.558
114.798
113.233
112.06
110.887
109.909
108.931
107.953
107.171
106.389
105.802
105.02
104.237
103.455
102.673
102.086
101.304
100.522
99.935
99.348
98.566
97.979
97.197
96.61
96.024
95.437
94.85
94.068
93.481
92.894
92.894
93.677
95.828
99.739
104.824
110.3
115.385
119.687
123.012
125.75
127.901
129.661
131.03
132.399
133.572
134.55
135.333
136.115
136.702
137.093
137.288
137.484
137.679
137.484
137.093
136.506
135.724
134.55
132.79
130.639
128.097
125.359
122.816
120.274
118.318
116.558
115.189
114.016
113.038
112.06
111.278
110.3
109.322
108.54
107.562
106.584
105.802
104.824
104.042
103.26
102.477
101.695
100.913
100.13
99.544
98.761
98.175
97.588
97.001
96.219
95.632
95.046
94.459
94.263
94.85
96.61
100.13
104.824
110.3
115.58
120.078
123.599
126.532
128.683
130.443
132.008
133.181
134.355
135.333
136.115
136.702
137.484
137.875
138.266
138.462
138.462
138.266
138.07
137.484
136.506
135.137
133.181
130.835
128.097
125.163
122.23
119.492
116.949
114.994
113.233
111.864
110.691
109.713
108.735
107.758
106.975
106.193
105.411
104.628
103.846
102.868
101.891
100.913
99.739
98.761
97.979
97.001
96.219
95.437
94.655
93.872
93.286
92.503
91.917
91.134
90.352
89.765
89.374
89.765
91.525
94.655
99.348
104.628
109.713
114.407
117.927
120.861
123.207
125.163
126.923
128.292
129.074
129.074
129.27
130.248
132.008
133.181
133.572
133.572
133.572
132.986
132.203
131.03
129.661
127.705
125.554
123.012
120.274
117.927
115.58
113.625
112.06
110.887
109.909
108.931
108.344
107.758
107.171
106.78
106.193
105.606
105.215
104.628
103.846
103.064
102.282
101.304
100.326
99.544
98.37
97.588
96.61
96.024
95.241
94.85
94.068
93.481
92.894
92.112
91.525
91.134
91.134
92.308
95.046
99.153
104.237
109.518
114.407
118.514
121.643
124.185
126.336
128.292
130.052
131.617
132.986
134.355
135.724
136.702
137.484
138.07
138.462
138.462
138.462
138.266
137.875
137.679
138.07
139.244
140.026
139.439
137.288
133.377
128.292
123.403
119.687
117.536
116.363
115.385
114.602
114.016
113.038
111.864
110.3
108.735
107.171
106.193
105.802
106.389
106.78
106.975
106.584
106.193
105.606
105.411
105.215
105.02
104.824
104.628
104.433
104.237
104.042
103.846
103.455
103.455
103.846
105.02
106.975
109.518
112.256
115.189
117.536
119.492
121.056
122.425
123.599
124.576
125.554
126.532
127.314
128.292
129.074
129.857
130.639
131.421
132.008
132.79
133.377
133.964
134.55
134.941
135.137
135.333
135.137
134.941
134.746
134.55
134.159
133.768
133.377
132.986
132.399
131.812
131.421
130.835
130.248
129.661
128.879
128.292
127.51
126.728
125.945
125.359
124.576
123.99
123.207
122.425
121.447
120.665
119.883
118.905
117.927
116.949
116.167
114.994
114.016
113.038
112.256
111.669
111.278
111.669
112.842
114.602
116.754
118.905
120.861
122.621
124.185
125.554
126.923
127.901
128.879
129.661
130.248
130.835
131.421
131.812
132.203
132.595
132.986
133.181
133.377
133.377
133.377
133.181
132.986
132.595
132.008
131.226
130.248
129.27
128.097
127.119
125.945
124.967
123.99
123.207
122.425
121.838
121.252
120.861
120.469
119.883
119.492
118.905
118.318
117.731
117.145
116.558
115.971
115.385
114.602
113.82
113.038
112.256
111.473
110.691
110.104
109.322
108.735
107.953
107.366
107.171
107.562
108.735
110.496
112.647
114.798
116.754
118.514
119.687
120.861
121.643
122.425
123.012
123.794
124.185
124.576
125.163
125.554
125.945
126.336
126.728
127.119
127.51
127.705
127.705
127.51
127.314
126.728
125.945
124.967
123.794
122.621
121.447
120.274
119.296
118.318
117.536
116.558
115.971
115.385
114.798
113.82
112.842
112.06
111.669
111.278
110.887
110.3
109.518
108.735
108.149
107.366
106.78
105.997
105.606
105.02
104.433
104.042
103.455
103.064
102.477
102.086
102.086
102.477
103.846
105.997
108.931
111.864
114.798
117.145
119.1
120.861
122.034
123.012
123.99
124.576
125.359
125.945
126.532
126.923
127.314
127.705
127.901
128.097
128.097
128.097
128.097
127.705
127.314
126.532
125.359
123.99
122.621
121.056
119.296
117.927
116.558
115.385
114.407
113.625
113.038
112.647
112.256
111.864
111.473
111.278
110.887
110.3
109.713
109.127
108.344
107.366
106.584
105.802
104.824
104.042
103.26
102.673
101.891
101.304
100.717
100.13
99.544
98.957
98.37
98.37
98.957
100.717
103.651
107.562
111.669
115.385
118.514
121.056
123.012
124.576
125.75
126.728
127.705
128.488
129.074
129.857
130.443
130.835
131.226
131.617
131.617
131.812
131.812
131.617
131.421
130.835
129.857
128.683
127.119
125.163
123.012
120.861
118.905
116.949
115.189
113.625
112.256
111.082
110.3
109.322
108.54
107.758
106.975
106.193
105.411
104.628
103.651
102.673
101.695
100.717
99.739
98.761
97.979
97.197
96.61
95.828
95.241
94.655
94.068
93.481
92.699
91.917
91.525
91.525
92.699
95.046
98.761
103.064
107.366
111.278
114.602
117.145
119.1
120.665
121.838
122.816
123.794
124.772
125.554
126.141
126.923
127.314
127.51
127.901
128.097
128.292
128.292
128.097
127.705
127.119
126.141
124.772
123.207
121.252
119.492
117.536
115.776
114.016
112.256
110.887
109.518
108.149
107.171
106.193
105.411
104.628
104.042
103.26
102.868
102.282
101.891
101.304
100.717
99.935
98.957
97.979
97.197
96.61
95.828
95.241
94.655
94.263
93.677
93.481
92.894
92.894
93.286
94.655
97.784
102.477
107.758
113.233
118.123
122.034
125.163
127.705
129.661
131.03
132.399
133.377
134.159
134.941
135.333
135.919
136.115
136.506
136.506
136.702
136.506
136.31
135.528
134.355
132.79
130.835
128.488
125.554
122.621
119.687
116.949
114.798
113.038
111.669
110.496
109.713
108.931
108.54
107.758
107.171
106.584
105.802
105.215
104.628
104.237
103.846
103.455
102.868
102.282
101.695
101.304
100.913
100.326
99.935
99.153
98.566
97.979
97.197
96.61
96.024
95.828
96.415
97.979
101.499
106.975
113.625
120.469
126.532
131.617
135.528
138.657
141.395
143.938
146.089
148.24
150.196
151.76
153.129
154.303
154.889
155.28
155.28
155.085
154.498
153.52
152.151
150.391
148.24
145.306
142.177
138.462
134.746
131.226
127.901
125.163
122.621
120.274
118.123
116.558
115.189
114.211
113.233
112.06
111.082
110.3
109.127
108.344
107.171
106.193
105.215
104.237
103.26
102.282
101.304
100.326
99.544
98.566
97.784
97.001
96.415
95.632
95.046
94.263
93.481
93.677
95.046
98.175
103.455
109.909
116.558
122.621
127.51
131.617
134.55
137.093
139.244
141.2
143.155
144.72
146.284
147.653
148.631
149.413
150
150
149.805
149.413
148.631
147.653
146.089
143.938
141.2
137.875
134.159
130.443
127.119
123.99
121.447
119.296
117.536
115.776
114.407
113.233
112.256
111.278
110.496
110.104
109.322
108.735
108.149
107.366
106.78
105.997
105.411
104.628
103.846
103.064
102.282
101.499
100.913
100.13
99.544
98.761
97.979
97.393
96.806
96.806
97.784
100.522
105.02
111.278
117.927
123.99
128.879
132.986
136.115
138.853
141.004
143.351
145.306
147.067
148.827
150.391
151.565
152.738
153.52
153.911
154.107
153.911
153.325
152.542
151.369
149.609
147.262
144.329
141.004
137.679
134.159
131.03
128.488
126.141
124.381
122.816
121.447
120.274
119.1
117.927
116.949
115.971
114.994
114.016
113.038
112.06
111.082
110.104
109.127
107.953
106.975
105.997
105.02
104.237
103.455
102.673
101.695
100.717
99.935
98.957
98.37
97.979
98.37
100.326
103.846
109.127
114.994
120.665
125.554
129.27
132.203
134.746
136.702
138.462
139.831
141.2
142.373
143.546
144.329
145.111
145.502
145.893
146.089
146.284
146.284
145.893
145.502
144.72
143.546
141.982
139.831
137.288
134.55
131.617
128.879
126.141
123.599
121.252
119.296
117.731
116.363
114.994
114.016
112.842
111.864
111.082
110.104
109.127
108.344
107.171
106.193
105.02
103.846
102.673
101.695
100.522
99.739
98.957
98.175
97.393
96.61
95.828
95.046
94.459
94.068
94.459
95.828
98.37
101.891
106.193
110.3
113.82
116.754
119.1
120.861
122.23
123.403
124.381
125.359
125.945
126.728
127.314
127.901
128.488
129.074
129.466
129.857
130.052
130.052
130.052
129.661
128.879
127.705
126.141
124.185
122.23
120.078
117.927
116.167
114.798
113.625
112.647
112.06
111.473
110.887
110.496
109.909
109.518
108.931
108.54
107.953
107.171
106.389
105.606
104.628
103.846
102.868
101.891
101.108
100.13
99.348
98.37
97.588
96.61
95.828
95.046
94.459
94.068
94.85
96.806
100.326
105.02
110.104
114.798
118.905
122.23
124.772
126.728
128.488
129.857
131.03
132.008
132.986
133.964
134.746
135.137
135.724
136.115
136.31
136.31
136.31
136.115
135.528
134.746
133.377
131.617
129.466
127.119
124.576
122.23
120.078
118.318
116.754
115.58
114.602
113.82
113.038
112.06
111.278
110.496
109.909
109.322
108.735
108.149
107.562
106.78
105.997
105.411
104.433
103.846
102.868
102.282
101.499
100.913
100.326
99.739
99.153
98.566
98.175
97.979
98.566
100.522
104.042
108.931
114.211
119.492
123.599
127.119
129.466
131.421
132.986
134.355
135.528
136.702
138.07
139.439
140.808
142.177
143.546
144.915
145.893
146.675
147.262
147.262
146.871
145.893
144.329
142.373
139.635
136.506
133.181
130.052
127.314
124.967
123.207
121.643
120.665
119.687
118.709
117.731
116.558
115.58
114.602
113.82
113.038
112.06
111.278
110.3
109.127
108.149
107.366
106.389
105.606
104.824
104.042
103.26
102.673
101.891
101.304
100.717
100.13
99.935
100.13
101.108
104.042
108.54
114.602
121.056
127.314
132.595
136.897
140.613
143.546
146.089
148.436
150.587
152.738
154.498
156.258
157.627
158.801
159.387
159.778
159.778
159.387
158.409
156.845
154.694
151.956
148.631
144.72
140.417
136.31
132.203
128.683
125.75
123.403
121.447
119.883
118.709
117.34
116.363
115.189
114.016
113.038
111.864
111.082
110.104
109.127
108.344
107.366
106.584
105.802
105.02
104.237
103.455
102.673
101.891
101.108
100.326
99.544
98.761
97.979
97.393
97.001
97.197
98.566
101.695
106.78
113.429
121.056
128.097
134.159
139.244
143.155
146.284
148.827
150.978
152.934
154.498
156.063
157.041
158.018
158.605
158.801
158.801
158.409
157.627
156.454
155.085
152.934
150.391
147.067
143.351
139.244
134.746
130.639
126.923
123.794
121.252
119.1
117.145
115.58
114.211
113.038
112.06
111.278
110.3
109.713
109.322
109.322
109.518
109.518
109.322
108.735
108.149
107.171
105.997
104.628
103.455
102.282
101.304
100.326
99.544
98.566
97.588
96.806
96.61
97.001
98.957
102.673
108.735
115.971
123.403
130.052
135.528
140.026
143.938
147.458
150.587
153.325
155.672
157.627
159.387
160.756
161.93
162.516
162.908
162.712
162.321
161.93
161.147
159.974
158.214
155.867
152.738
149.218
145.111
140.808
136.31
132.399
128.879
126.141
123.99
122.034
120.665
119.296
117.927
116.363
115.58
114.994
114.407
113.625
112.647
111.669
110.691
109.909
108.931
108.149
107.171
106.193
105.215
104.237
103.064
102.086
100.913
99.935
98.761
97.784
97.001
96.806
97.979
101.108
106.193
112.842
119.883
126.336
131.617
136.115
139.635
142.96
146.089
148.827
151.565
153.911
156.063
158.018
159.387
160.756
161.734
162.321
162.908
162.908
162.321
161.343
159.387
157.041
154.107
150.782
147.262
143.351
139.244
135.333
131.421
127.705
124.576
121.838
119.883
118.123
116.558
115.189
114.016
113.038
112.06
111.082
110.104
109.127
108.149
107.171
105.997
105.02
104.237
103.26
102.282
101.499
100.717
100.13
99.544
98.761
97.979
97.001
96.415
95.828
95.632
96.806
99.348
103.26
108.344
113.233
117.731
121.447
124.381
126.923
128.879
130.639
132.008
133.181
134.355
135.333
136.115
136.897
137.484
137.875
138.266
138.462
138.657
138.462
138.266
137.679
136.702
135.137
133.377
131.03
128.488
125.75
123.207
121.056
119.1
117.34
115.971
114.602
113.429
112.451
111.669
110.887
110.3
109.713
109.127
108.54
107.953
107.171
106.389
105.411
104.433
103.455
102.477
101.695
100.913
99.935
99.153
98.37
97.393
96.61
95.828
95.241
95.046
95.437
97.197
100.326
104.628
109.322
113.625
117.34
120.274
122.621
124.381
125.945
127.119
128.292
129.466
130.443
131.421
132.399
133.181
133.768
134.159
134.746
134.941
135.137
134.941
134.746
134.159
133.377
132.008
130.248
128.292
125.945
123.794
121.643
119.883
118.318
117.145
116.363
115.58
115.189
114.798
114.211
113.82
113.233
112.451
111.864
110.887
109.909
108.735
107.562
106.584
105.606
104.824
103.846
102.868
102.086
101.304
100.717
99.935
99.348
98.37
97.784
97.197
97.197
98.175
100.913
105.02
109.909
114.798
118.905
122.425
124.967
127.119
128.879
130.248
131.617
132.595
133.572
134.55
135.333
135.919
136.506
136.702
136.897
136.897
136.702
136.506
136.115
135.333
134.159
132.79
131.03
128.683
126.336
123.794
121.056
118.709
116.754
114.994
113.625
112.451
111.669
111.082
110.691
110.3
109.713
109.127
108.54
107.758
106.78
105.802
104.824
103.846
103.064
102.086
101.304
100.717
99.935
99.348
98.566
97.979
97.197
96.61
95.632
94.85
94.068
93.872
94.85
97.393
101.891
107.758
113.82
119.492
124.381
128.292
131.812
134.941
138.07
141.004
143.938
146.675
149.022
150.978
152.542
153.52
154.107
154.303
154.107
153.716
152.738
151.369
149.413
146.871
143.742
139.831
135.724
131.617
127.705
124.381
121.447
119.296
117.536
116.167
115.189
114.407
113.625
112.842
112.06
111.082
110.3
109.322
108.54
107.758
106.975
106.193
105.215
104.433
103.455
102.282
101.304
100.326
99.348
98.37
97.393
96.61
95.828
95.046
94.655
94.459
95.241
97.588
101.891
107.953
114.994
122.23
128.683
133.964
138.266
141.786
144.524
147.067
149.218
150.978
152.738
153.911
154.889
155.672
156.063
156.258
156.063
155.672
154.694
153.52
151.565
149.218
146.284
142.764
138.657
134.355
130.052
126.141
122.816
120.078
117.927
116.363
114.994
114.211
113.429
113.038
112.451
111.864
111.473
110.887
110.3
109.518
108.735
107.953
107.171
106.389
105.606
104.824
104.042
103.26
102.477
101.891
101.108
100.522
99.739
99.153
98.566
98.175
98.957
101.108
105.606
112.451
120.665
128.879
136.115
141.982
146.48
149.805
152.542
154.694
156.454
158.214
159.583
160.756
161.734
162.321
162.712
162.712
162.321
161.93
160.952
159.778
158.214
155.867
152.934
149.413
145.306
140.808
136.506
132.399
128.879
125.945
123.794
122.034
120.469
119.1
117.927
116.754
115.776
114.798
114.016
113.038
112.06
111.278
110.104
109.127
107.953
106.78
105.606
104.433
103.26
102.282
101.304
100.522
99.739
98.957
98.37
97.588
97.001
96.61
96.806
98.37
101.891
107.562
114.994
123.403
131.421
138.07
143.351
147.262
150.196
152.738
154.694
156.649
158.214
159.583
160.756
161.539
161.93
162.125
161.93
161.539
160.756
159.778
158.409
156.258
153.716
150.587
146.871
142.764
138.657
134.55
130.639
126.923
123.403
120.469
117.927
115.971
114.407
113.038
112.06
111.082
110.104
109.322
108.344
107.171
106.193
105.215
104.237
103.26
102.282
101.304
100.326
99.544
98.761
98.175
97.588
97.001
96.219
95.437
94.459
93.481
92.699
92.503
93.481
96.024
100.13
105.215
110.496
115.189
119.1
122.23
124.576
126.728
128.292
129.661
130.835
132.008
132.986
133.768
134.55
135.137
135.724
136.115
136.506
136.702
136.897
136.702
136.31
135.528
134.159
132.399
130.248
127.51
124.576
122.034
119.492
117.536
116.167
114.798
113.625
112.451
111.473
110.3
109.322
108.344
107.366
106.389
105.606
104.628
103.846
102.673
101.891
100.913
99.935
99.153
98.175
97.393
96.61
95.828
95.046
94.263
93.481
92.699
91.917
91.721
91.917
93.481
96.61
101.108
106.193
111.082
115.385
119.1
121.838
124.185
125.945
127.314
128.683
129.661
130.639
131.421
132.203
132.79
133.377
133.768
133.964
134.159
134.355
134.159
133.964
133.181
132.203
130.835
128.879
126.532
123.99
121.447
118.905
116.754
114.994
113.625
112.647
111.864
111.082
110.3
109.713
108.931
108.344
107.562
106.78
105.997
105.411
104.628
103.846
103.064
102.282
101.499
100.913
100.326
99.739
99.153
98.566
97.979
97.393
96.61
96.024
95.632
96.024
97.588
100.913
105.606
111.082
116.558
121.056
124.772
127.705
130.052
131.812
133.377
134.55
135.724
136.702
137.679
138.657
139.635
140.417
141.2
141.786
142.373
142.373
142.373
141.982
141.2
140.222
138.462
136.31
133.768
130.639
127.705
124.772
122.23
120.078
118.514
117.145
115.971
114.994
114.016
113.038
112.06
111.278
110.3
109.713
108.931
108.149
107.366
106.389
105.606
104.628
103.651
102.673
101.695
100.913
100.13
99.348
98.566
97.784
97.001
96.415
95.828
95.632
96.219
98.175
101.891
107.171
112.842
118.123
122.621
126.141
129.074
131.421
133.181
134.746
136.115
137.288
138.266
139.048
139.831
140.613
141.004
141.395
141.786
141.786
141.591
141.2
140.613
139.439
137.875
135.724
133.181
130.052
126.728
123.599
120.861
118.318
116.363
114.602
113.038
111.864
110.691
109.713
108.931
108.149
107.366
106.584
105.606
104.824
103.846
102.868
101.891
100.913
99.935
98.957
97.979
97.197
96.415
95.437
94.85
94.068
93.286
92.503
91.721
90.939
90.352
90.352
91.721
94.85
99.544
105.215
110.887
115.971
119.883
123.012
125.554
127.51
129.466
131.03
132.595
134.159
135.333
136.506
137.484
138.266
139.048
139.439
139.831
140.026
139.831
139.048
137.875
136.31
133.964
131.421
128.292
124.967
121.838
119.1
116.558
114.602
113.038
111.473
110.3
109.322
108.735
107.953
107.366
106.78
105.997
105.411
104.628
103.846
103.064
102.086
101.108
100.13
99.153
98.175
97.393
96.61
96.024
95.241
94.655
94.068
93.286
92.503
91.917
91.525
91.917
93.677
97.393
102.673
108.54
114.407
119.492
123.599
126.728
129.466
131.812
134.159
136.31
138.462
140.417
142.373
143.938
145.306
146.48
147.262
147.849
147.849
147.653
147.067
145.893
144.329
142.177
139.244
136.115
132.595
129.074
125.75
122.816
120.665
118.709
117.145
115.776
114.798
113.625
112.842
111.864
111.082
110.104
108.931
107.953
106.975
105.997
105.02
104.042
103.064
102.282
101.499
100.913
100.13
99.544
98.957
98.175
97.588
96.61
95.828
95.046
94.068
93.677
93.872
95.632
99.348
104.824
111.082
117.34
122.621
127.119
130.639
133.768
136.506
139.244
141.982
144.524
146.871
149.022
150.782
152.347
153.325
153.716
153.716
153.325
152.542
151.369
149.805
147.653
145.111
141.982
138.462
134.746
131.226
127.705
124.576
121.643
119.1
116.754
114.798
112.842
111.473
110.104
108.735
107.758
106.584
105.606
104.824
104.042
103.26
102.673
102.086
101.499
100.913
100.326
99.544
98.957
98.37
97.979
97.393
97.001
96.61
96.219
95.828
95.437
95.241
95.632
97.197
100.522
105.606
111.669
117.927
123.599
128.488
132.399
135.919
139.048
141.982
144.524
147.067
149.218
151.174
152.738
153.716
154.498
154.694
154.498
154.107
153.325
152.347
150.782
148.827
146.48
143.546
139.831
136.115
132.008
128.292
124.772
121.447
118.318
115.58
113.233
111.473
110.3
109.127
108.344
107.562
106.975
106.193
105.411
104.433
103.651
102.477
101.108
99.935
98.566
97.393
96.219
95.046
94.068
93.286
92.308
91.721
90.939
90.352
89.765
89.179
88.396
87.81
87.614
88.201
90.548
94.655
100.326
106.584
112.451
117.536
121.643
125.163
128.292
131.03
133.572
136.115
138.266
140.222
142.177
143.742
144.915
145.698
146.284
146.284
146.089
145.502
144.329
142.96
140.808
138.266
135.137
131.812
128.292
124.967
122.034
119.492
117.34
115.189
113.429
111.864
110.691
109.713
108.735
107.953
107.171
106.584
105.802
105.215
104.628
104.237
103.846
103.26
102.673
102.086
101.304
100.522
99.739
99.153
98.37
97.588
97.001
96.219
95.632
95.046
94.263
93.677
93.677
94.655
97.001
101.304
106.975
113.233
119.1
124.185
128.488
132.008
135.137
137.679
140.222
142.569
144.524
146.284
147.849
149.022
149.805
150.196
150.391
150
149.609
149.022
147.849
146.48
144.329
141.591
138.266
134.55
130.835
127.51
124.381
121.643
119.1
116.949
114.994
113.625
112.647
111.864
111.082
110.3
109.518
108.735
107.758
106.78
105.606
104.628
103.455
102.477
101.304
100.326
99.544
98.566
97.784
97.001
96.415
95.632
94.85
93.872
93.09
91.917
90.939
90.157
89.765
90.352
92.503
96.806
102.868
109.518
115.58
