           1   1.0000000000000000     
           2  0.99641501103281482     
           3  0.99374941786686488     
           4  0.99163272532112690     
           5  0.98891856292794877     
           6  0.98645238988898720     
           7  0.98411061423666224     
           8  0.98188490858044730     
           9  0.97985799060348344     
          10  0.97763321309917794     
          11  0.97534804536423969     
          12  0.97277324242015106     
          13  0.97034047582266070     
          14  0.96738832981618339     
          15  0.96447441869418016     
          16  0.96178805960962088     
          17  0.95960780402783141     
          18  0.95690186025381507     
          19  0.95423631637491213     
          20  0.95217943540923222     
          21  0.94970259719368300     
          22  0.94689534675889464     
          23  0.94469153986928722     
          24  0.94194305634762221     
          25  0.93921716160637447     
          26  0.93667510811369303     
          27  0.93382852368370606     
          28  0.93105890339788278     
          29  0.92804421089152611     
          30  0.92518419987095346     
          31  0.92228661431511549     
          32  0.91934177462218913     
          33  0.91647271727912738     
          34  0.91337926359967092     
          35  0.91030109747578647     
          36  0.90810842639363476     
          37  0.90558447081908955     
          38  0.90275400091051539     
          39  0.90004494401060198     
          40  0.89739123457307401     
          41  0.89459612938064048     
          42  0.89173654074716890     
          43  0.88874617262978894     
          44  0.88570328135505294     
          45  0.88333361362144147     
          46  0.88086279807340628     
          47  0.87832125479560630     
          48  0.87573524381118273     
          49  0.87317946486529130     
          50  0.87037675721486740     
          51  0.86785537620428777     
          52  0.86582724434421021     
          53  0.86390663347093932     
          54  0.86163191959714369     
          55  0.85946321717806884     
          56  0.85726188426370098     
          57  0.85491455029972974     
          58  0.85288888317526090     
          59  0.85072479050837990     
          60  0.84834134425009711     
          61  0.84644345748983507     
          62  0.84429957219438068     
          63  0.84181251849101302     
          64  0.83927469566454083     
          65  0.83699481151326960     
          66  0.83469129502782080     
          67  0.83225371441604845     
          68  0.82974724287025414     
          69  0.82728920401690598     
          70  0.82440064157813753     
          71  0.82139521785606262     
          72  0.81876691896680875     
          73  0.81579277801516736     
          74  0.81279409668966107     
          75  0.80939227564397043     
          76  0.80592075293875876     
          77  0.80271070680273759     
          78  0.79974048584200730     
          79  0.79635467593091180     
          80  0.79298138483475045     
          81  0.78979709964927114     
          82  0.78629391159675877     
          83  0.78241934063559526     
          84  0.77881029065130569     
          85  0.77516956222355948     
          86  0.77122533538363913     
          87  0.76707796217798174     
          88  0.76345428523537351     
          89  0.75943586897670190     
          90  0.75502538673480346     
          91  0.75094868933577297     
          92  0.74690081295497834     
          93  0.74266269191518242     
          94  0.73826708214791714     
          95  0.73376047539580691     
          96  0.72922453622823757     
          97  0.72491285313076725     
          98  0.72014353645604567     
          99  0.71514467258648240     
         100  0.70992597432617732     
         101  0.70483034105578146     
         102  0.69955953334724241     
         103  0.69419165208014522     
         104  0.68879183637365748     
         105  0.68324625017916196     
         106  0.67773251236683596     
         107  0.67259387077776422     
         108  0.66739177640372571     
         109  0.66182178785063039     
         110  0.65627740258413947     
         111  0.65091324304944020     
         112  0.64509471521817818     
         113  0.63966229042898637     
         114  0.63457986715907733     
         115  0.62929082843266404     
         116  0.62391610218794247     
         117  0.61887784756757647     
         118  0.61394039299965564     
         119  0.60915907569343586     
         120  0.60444340887260062     
         121  0.59919009854056715     
         122  0.59399828179007519     
         123  0.58929146008527367     
         124  0.58444054657652189     
         125  0.57944925593326513     
         126  0.57462968371771217     
         127  0.56963561962963938     
         128  0.56450487210748268     
         129  0.55965906061619064     
         130  0.55473219281667396     
         131  0.54994897646814322     
         132  0.54532041927797714     
         133  0.54102521502942469     
         134  0.53700707286300542     
         135  0.53295550153111393     
         136  0.52873246569331112     
         137  0.52457727746993221     
         138  0.52012713967565605     
         139  0.51576940416216344     
         140  0.51148880345148640     
         141  0.50706969578127947     
         142  0.50300158628863312     
         143  0.49917743747773691     
         144  0.49525110561607916     
         145  0.49158831461910069     
         146  0.48797951928054983     
         147  0.48426016023191731     
         148  0.48036195672609011     
         149  0.47659753844835773     
         150  0.47264676424522267     
         151  0.46822140475157892     
         152  0.46366056846123571     
         153  0.45917642633348466     
         154  0.45496602710684364     
         155  0.45037229735186024     
         156  0.44563296400252778     
         157  0.44082083088292018     
         158  0.43595895975865068     
         159  0.43125402038801280     
         160  0.42640721371942253     
         161  0.42144556565062213     
         162  0.41672484682793565     
         163  0.41159923217395772     
         164  0.40661969949761934     
         165  0.40177993071021695     
         166  0.39697906096125218     
         167  0.39184390436401823     
         168  0.38686457938191504     
         169  0.38177040391196704     
         170  0.37663481701077828     
         171  0.37158458264014965     
         172  0.36664918950358211     
         173  0.36142448207557942     
         174  0.35632563103673098     
         175  0.35122213427392235     
         176  0.34623949755653394     
         177  0.34063753969084348     
         178  0.33510465036871639     
         179  0.32954410911427323     
         180  0.32433706116408134     
         181  0.31898209188755056     
         182  0.31322164729964475     
         183  0.30761196262450941     
         184  0.30219780066324703     
         185  0.29659893670901100     
         186  0.29083242195015402     
         187  0.28517613413071807     
         188  0.27974667965638622     
         189  0.27425554604820540     
         190  0.26882131289740846     
         191  0.26358588546791711     
         192  0.25841144958470696     
         193  0.25296298778835080     
         194  0.24757201320321556     
         195  0.24234473718096253     
         196  0.23709395654243026     
         197  0.23169789819284248     
         198  0.22638501467743519     
         199  0.22137431265045951     
         200  0.21621894349387430     
         201  0.21135748889207401     
         202  0.20690086388330792     
         203  0.20233835085209664     
         204  0.19759090307787758     
         205  0.19268707616452915     
         206  0.18774780347439707     
         207  0.18294945637377233     
         208  0.17771486971676803     
         209  0.17302726149169309     
         210  0.16819366715379519     
         211  0.16366136533940737     
         212  0.15930812108341941     
         213  0.15511758643470819     
         214  0.15118228295240996     
         215  0.14741347281050426     
         216  0.14338925910821387     
         217  0.13893637863391620     
         218  0.13479010216275589     
         219  0.13060746868159451     
         220  0.12616865071977626     
         221  0.12227767202306103     
         222  0.11806982746209722     
         223  0.11360922472421346     
         224  0.10907912206343610     
         225  0.10458920543998380     
         226  0.10005097917465701     
         227   9.5772680708391664E-002
         228   9.1170232115649980E-002
         229   8.6443413122269677E-002
         230   8.1641003787710054E-002
         231   7.7121838307251861E-002
         232   7.2151118738597850E-002
         233   6.7326239773764243E-002
         234   6.2563039800622583E-002
         235   5.7391127246726868E-002
         236   5.2272993848587170E-002
         237   4.7163631478843962E-002
         238   4.2079951834879913E-002
         239   3.7012873451561276E-002
         240   3.1941695363602342E-002
         241   2.6991051208153101E-002
         242   2.2273849418419381E-002
         243   1.7291720958211611E-002
         244   1.2196153447195050E-002
         245   7.2459068049774205E-003
         246   2.3223218400160676E-003
         247  -2.6679915181327361E-003
         248  -7.8854565127567510E-003
         249  -1.2820581240570783E-002
         250  -1.8014640238762324E-002
         251  -2.3002120381501984E-002
         252  -2.8348326238131400E-002
         253  -3.3567551047803248E-002
         254  -3.8836676351650092E-002
         255  -4.4338422065595753E-002
         256  -4.9531114438845822E-002
         257  -5.4850968750900037E-002
         258  -6.0421962187694488E-002
         259  -6.6030116803635200E-002
         260  -7.1808044550858124E-002
         261  -7.7795414836627080E-002
         262  -8.3915282588732321E-002
         263  -8.9804054606376776E-002
         264  -9.5781068913944445E-002
         265 -0.10165712082370190     
         266 -0.10749267995229686     
         267 -0.11294309830280087     
         268 -0.11818512135320726     
         269 -0.12318155164257280     
         270 -0.12821567085004906     
         271 -0.13330071540750218     
         272 -0.13847371933678818     
         273 -0.14343793523492218     
         274 -0.14873602336189176     
         275 -0.15379726705294880     
         276 -0.15881550324431865     
         277 -0.16401173124618829     
         278 -0.16851709160569459     
         279 -0.17254917706656037     
         280 -0.17687711118294577     
         281 -0.18078614730846065     
         282 -0.18461881007402553     
         283 -0.18883440241465077     
         284 -0.19270647498519627     
         285 -0.19703199122442158     
         286 -0.20089178156465762     
         287 -0.20447241326072982     
         288 -0.20835108464951071     
         289 -0.21217193968109768     
         290 -0.21543777733292571     
         291 -0.21897299237330392     
         292 -0.22222975877440942     
         293 -0.22533087762805618     
         294 -0.22854748259997884     
         295 -0.23188138480260001     
         296 -0.23548378293039174     
         297 -0.23911923122100218     
         298 -0.24268784607556479     
         299 -0.24571828746063765     
         300 -0.24832407079711535     
         301 -0.25160227066381030     
         302 -0.25463427749567230     
         303 -0.25788905221619102     
         304 -0.26114964970409144     
         305 -0.26474716051028779     
         306 -0.26852922905760107     
         307 -0.27241835793739289     
         308 -0.27599711228407059     
         309 -0.27907104875183358     
         310 -0.28237978721789192     
         311 -0.28553380234377101     
         312 -0.28832279299084823     
         313 -0.29166736570724372     
         314 -0.29507616690908184     
         315 -0.29824123494700466     
         316 -0.30162080469762609     
         317 -0.30469583113723903     
         318 -0.30795909508976732     
         319 -0.31114466509406602     
         320 -0.31450489208370586     
         321 -0.31771054632983459     
         322 -0.32042296758176303     
         323 -0.32339093186886592     
         324 -0.32670795099193978     
         325 -0.32994605419741196     
         326 -0.33352314237671282     
         327 -0.33698687105691089     
         328 -0.34066758798948299     
         329 -0.34466635870646384     
         330 -0.34875779116439964     
         331 -0.35296243660450294     
         332 -0.35702084342217477     
         333 -0.36131557755855431     
         334 -0.36569230532398794     
         335 -0.36980963202036166     
         336 -0.37405217420129688     
         337 -0.37821082328650835     
         338 -0.38294845151162410     
         339 -0.38764165367139458     
         340 -0.39249235026475593     
         341 -0.39717139204706553     
         342 -0.40240712606805279     
         343 -0.40736847618717981     
         344 -0.41189369631882222     
         345 -0.41663617931392771     
         346 -0.42102678590684867     
         347 -0.42542411639536093     
         348 -0.42986069643135905     
         349 -0.43453617813813711     
         350 -0.43907452291023463     
         351 -0.44364296912874107     
         352 -0.44791742743138563     
         353 -0.45188146134745749     
         354 -0.45593580922325877     
         355 -0.45981290168631961     
         356 -0.46373634872106989     
         357 -0.46760834865002626     
         358 -0.47141836666765841     
         359 -0.47481356316154649     
         360 -0.47844879880877939     
         361 -0.48235404919547581     
         362 -0.48588109377818045     
         363 -0.48918569057458439     
         364 -0.49233116881441569     
         365 -0.49564626039040993     
         366 -0.49844665430431545     
         367 -0.50126208829186136     
         368 -0.50446436731863020     
         369 -0.50758987766494257     
         370 -0.51074405990471705     
         371 -0.51396195546241319     
         372 -0.51702137590382902     
         373 -0.52001602006435543     
         374 -0.52302496662866826     
         375 -0.52571228716781038     
         376 -0.52812626896887083     
         377 -0.53061901127855171     
         378 -0.53331583772136426     
         379 -0.53584137590613212     
         380 -0.53847877238136599     
         381 -0.54124108400837279     
         382 -0.54366247551932534     
         383 -0.54609690734178784     
         384 -0.54882514333829524     
         385 -0.55096446839529412     
         386 -0.55311515422155966     
         387 -0.55557305666289158     
         388 -0.55752840316877350     
         389 -0.55940519982087511     
         390 -0.56126967849402121     
         391 -0.56300537048252564     
         392 -0.56440136293064558     
         393 -0.56599312508766364     
         394 -0.56745628043334562     
         395 -0.56875821597519116     
         396 -0.57000001865768479     
         397 -0.57137284439659053     
         398 -0.57314889555433035     
         399 -0.57526053545639211     
         400 -0.57692078620764164     
         401 -0.57869863647269326     
         402 -0.58030807927329375     
         403 -0.58195263364922856     
         404 -0.58311674402286973     
         405 -0.58449583385031012     
         406 -0.58613185245956434     
         407 -0.58766137532107032     
         408 -0.58967854256951791     
         409 -0.59206642055526315     
         410 -0.59473030619383982     
         411 -0.59793724649260560     
         412 -0.60085330056310349     
         413 -0.60388343609050854     
         414 -0.60703047594809301     
         415 -0.61002782921190801     
         416 -0.61282248643645598     
         417 -0.61556907388395299     
         418 -0.61793431459281989     
         419 -0.62065307582462903     
         420 -0.62361983343467886     
         421 -0.62667550850527565     
         422 -0.63014452380568864     
         423 -0.63332337409957706     
         424 -0.63587392143926547     
         425 -0.63862707411638775     
         426 -0.64128560686259728     
         427 -0.64379762578606825     
         428 -0.64621866250231630     
         429 -0.64840570142685960     
         430 -0.65088815570576841     
         431 -0.65344697472754265     
         432 -0.65594324233865675     
         433 -0.65824276851438124     
         434 -0.66090087248285811     
         435 -0.66357640528045347     
         436 -0.66613744338917624     
         437 -0.66932557454632202     
         438 -0.67276591680994713     
         439 -0.67595679407260867     
         440 -0.67837948300597994     
         441 -0.68112710610993998     
         442 -0.68395758332980805     
         443 -0.68657188215292764     
         444 -0.68943979894309648     
         445 -0.69218588608249809     
         446 -0.69444879006357030     
         447 -0.69679192604325202     
         448 -0.69895052069707198     
         449 -0.70127836153150114     
         450 -0.70350396648814584     
         451 -0.70586261251316140     
         452 -0.70821861501306826     
         453 -0.71090889303376825     
         454 -0.71327227395236281     
         455 -0.71583893834707757     
         456 -0.71755717545790065     
         457 -0.71942663338236257     
         458 -0.72127754126178067     
         459 -0.72232248969474189     
         460 -0.72340350705214940     
         461 -0.72430396647921991     
         462 -0.72507668289559013     
         463 -0.72625338517080573     
         464 -0.72680190006307777     
         465 -0.72727225871466261     
         466 -0.72781054386901245     
         467 -0.72819829688843141     
         468 -0.72807592914646990     
         469 -0.72760736805867776     
         470 -0.72714982091627356     
         471 -0.72651571686629646     
         472 -0.72626368298562805     
         473 -0.72588636849806010     
         474 -0.72602561209648464     
         475 -0.72599920566887710     
         476 -0.72627883852478969     
         477 -0.72668831976410009     
         478 -0.72726978250970620     
         479 -0.72751916366215508     
         480 -0.72778879105357019     
         481 -0.72816693714773928     
         482 -0.72881350357152019     
         483 -0.72959304610507458     
         484 -0.73036476629829628     
         485 -0.73069918922958388     
         486 -0.73137851606713866     
         487 -0.73151133965744375     
         488 -0.73158621085699316     
         489 -0.73180742323352432     
         490 -0.73206106356517942     
         491 -0.73246129922160119     
         492 -0.73250376605493628     
         493 -0.73252886206217172     
         494 -0.73232786457317556     
         495 -0.73209919586994543     
         496 -0.73208540795238153     
         497 -0.73170311969251389     
         498 -0.73178121871516388     
         499 -0.73188103103306490     
         500 -0.73210774821091329     
         501 -0.73284728990381742     
         502 -0.73370615114647164     
         503 -0.73456470729956858     
         504 -0.73485867824542328     
         505 -0.73479508722088782     
         506 -0.73461378610932893     
         507 -0.73442543518153736     
         508 -0.73461529149531746     
         509 -0.73536937445439221     
         510 -0.73583437546478137     
         511 -0.73643848743526452     
         512 -0.73682806022458625     
         513 -0.73692553713926057     
         514 -0.73685621279170388     
         515 -0.73685278174932223     
         516 -0.73680137422332459     
         517 -0.73683878097760314     
         518 -0.73735410528108636     
         519 -0.73770521744062378     
         520 -0.73725306863533047     
         521 -0.73718609596992535     
         522 -0.73765131205638002     
         523 -0.73767878927754627     
         524 -0.73790688585141773     
         525 -0.73863230408023905     
         526 -0.73866545668320771     
         527 -0.73803891193415849     
         528 -0.73758150748927065     
         529 -0.73687859870394212     
         530 -0.73545199435489905     
         531 -0.73456136798821881     
         532 -0.73333901306150184     
         533 -0.73247782117154470     
         534 -0.73147123218956145     
         535 -0.73073504354187924     
         536 -0.72963256006903221     
         537 -0.72819607617195514     
         538 -0.72690411437118374     
         539 -0.72551212185628400     
         540 -0.72446568147797596     
         541 -0.72355489638193526     
         542 -0.72226650127691094     
         543 -0.72161177789321207     
         544 -0.72104731409226219     
         545 -0.72037191014905222     
         546 -0.71929819272654261     
         547 -0.71781139509088443     
         548 -0.71639664834548733     
         549 -0.71530482549545160     
         550 -0.71359109346090377     
         551 -0.71210011689413999     
         552 -0.70992303455662487     
         553 -0.70780459317823574     
         554 -0.70597178524245841     
         555 -0.70431658507611139     
         556 -0.70251264971020100     
         557 -0.70053713104845117     
         558 -0.69838437990797386     
         559 -0.69633827373344137     
         560 -0.69473394076019368     
         561 -0.69309530761272187     
         562 -0.69183364900730382     
         563 -0.69045089852307595     
         564 -0.68972581765286911     
         565 -0.68836588601311810     
         566 -0.68732942505477579     
         567 -0.68617672823006481     
         568 -0.68527507698535539     
         569 -0.68534858181688241     
         570 -0.68526366099463876     
         571 -0.68484551900978274     
         572 -0.68514229708726204     
         573 -0.68548859733676959     
         574 -0.68648008609628619     
         575 -0.68658966722837667     
         576 -0.68658185273630268     
         577 -0.68578597461937130     
         578 -0.68502145495326183     
         579 -0.68426036462013817     
         580 -0.68304488186894796     
         581 -0.68234628583799239     
         582 -0.68172685240403053     
         583 -0.68149052671881605     
         584 -0.68045810397857920     
         585 -0.67948765872377948     
         586 -0.67861235480438298     
         587 -0.67697863059516983     
         588 -0.67609924268290167     
         589 -0.67535407174782991     
         590 -0.67467961590070857     
         591 -0.67412893291566200     
         592 -0.67299020172069823     
         593 -0.67224515276643970     
         594 -0.67107664293405078     
         595 -0.67024010469316087     
         596 -0.66937747500275480     
         597 -0.66810239555590611     
         598 -0.66669444197474803     
         599 -0.66550001795040015     
         600 -0.66461560076301895     
         601 -0.66374157681125801     
         602 -0.66325279189883191     
         603 -0.66304119089289515     
         604 -0.66244556541546706     
         605 -0.66196915058879102     
         606 -0.66156515048673437     
         607 -0.66034416164792198     
         608 -0.65920801899933357     
         609 -0.65815738161667214     
         610 -0.65703108350885020     
         611 -0.65570487070022421     
         612 -0.65404027107504392     
         613 -0.65210232834953663     
         614 -0.64980474528619958     
         615 -0.64722632091267440     
         616 -0.64471421545791296     
         617 -0.64221437152254679     
         618 -0.63999893072097158     
         619 -0.63797852416312251     
         620 -0.63689953217984019     
         621 -0.63521464452005272     
         622 -0.63397907190635727     
         623 -0.63188917479558926     
         624 -0.62975949067320514     
         625 -0.62811574684865601     
         626 -0.62663642025054511     
         627 -0.62585161838678072     
         628 -0.62520999288560464     
         629 -0.62567802579643905     
         630 -0.62544209693538810     
         631 -0.62533136862395278     
         632 -0.62483385740155417     
         633 -0.62445277668240995     
         634 -0.62424649672455435     
         635 -0.62363986098663593     
         636 -0.62304286401845466     
         637 -0.62272301780608041     
         638 -0.62251583875878402     
         639 -0.62261316516940557     
         640 -0.62306679870025206     
         641 -0.62337217279749313     
         642 -0.62397772675393637     
         643 -0.62602991572897237     
         644 -0.62708952578856303     
         645 -0.62804306268795262     
         646 -0.62865381363360640     
         647 -0.63036542567185117     
         648 -0.63151896334273339     
         649 -0.63320232908492424     
         650 -0.63410995676543103     
         651 -0.63515881524032369     
         652 -0.63635106736347868     
         653 -0.63748776016999475     
         654 -0.63942365479472374     
         655 -0.64282008165348459     
         656 -0.64601405847903548     
         657 -0.65010760365812092     
         658 -0.65453766761302401     
         659 -0.65935933410050296     
         660 -0.66410557003060200     
         661 -0.66854169793626517     
         662 -0.67326751479462887     
         663 -0.67693780117687852     
         664 -0.68044813921164438     
         665 -0.68404569890858047     
         666 -0.68757826144379519     
         667 -0.69087283111488529     
         668 -0.69459861367738851     
         669 -0.69751451155492350     
         670 -0.70074479925976474     
         671 -0.70350363151138340     
         672 -0.70633331245096576     
         673 -0.70908711347024500     
         674 -0.71088960468971307     
         675 -0.71265971361601188     
         676 -0.71391034326129854     
         677 -0.71447296412767836     
         678 -0.71572230194461817     
         679 -0.71608705306517118     
         680 -0.71638364854283854     
         681 -0.71641867573777329     
         682 -0.71763840829128600     
         683 -0.71837016127939834     
         684 -0.71849205912712366     
         685 -0.71909970335455597     
         686 -0.71988200595020313     
         687 -0.72038732348408530     
         688 -0.72019623873809258     
         689 -0.71972623291713445     
         690 -0.71802788122147043     
         691 -0.71613898954253929     
         692 -0.71528441371155571     
         693 -0.71355177273144466     
         694 -0.71226352421146621     
         695 -0.71085475190502678     
         696 -0.70883469487238893     
         697 -0.70791512420220926     
         698 -0.70710275741866435     
         699 -0.70532254682254780     
         700 -0.70411256850933435     
         701 -0.70299397104851935     
         702 -0.70266570006960771     
         703 -0.70125142877551727     
         704 -0.69961484229339743     
         705 -0.69773565150014816     
         706 -0.69542062461889098     
         707 -0.69286841210552630     
         708 -0.69018544676195392     
         709 -0.68887694001941557     
         710 -0.68734206323434732     
         711 -0.68628823434247621     
         712 -0.68626621274758737     
         713 -0.68682773549350440     
         714 -0.68720575313377830     
         715 -0.68628698350214334     
         716 -0.68576565305766302     
         717 -0.68461254421645690     
         718 -0.68447384518079335     
         719 -0.68415090237784737     
         720 -0.68331458757601482     
         721 -0.68238828953311770     
         722 -0.68104623915502138     
         723 -0.68028326456017241     
         724 -0.67950327717610415     
         725 -0.67922260799552869     
         726 -0.67866285614779331     
         727 -0.67729203652552017     
         728 -0.67635011885776553     
         729 -0.67527214236589916     
         730 -0.67406870738972247     
         731 -0.67193263043168761     
         732 -0.66945172749797355     
         733 -0.66599641890523464     
         734 -0.66345606352564512     
         735 -0.66151591640697083     
         736 -0.66028381577666961     
         737 -0.65957410887654933     
         738 -0.65800005933186145     
         739 -0.65854134536417064     
         740 -0.65830491826961679     
         741 -0.65915217047764729     
         742 -0.65987536439458550     
         743 -0.65944128087487608     
         744 -0.65898626931141646     
         745 -0.65775336359763725     
         746 -0.65705081714224867     
         747 -0.65636004234228784     
         748 -0.65569909440258667     
         749 -0.65460327675307017     
         750 -0.65300685364977118     
         751 -0.65114265661861936     
         752 -0.64852840687854219     
         753 -0.64669561835421030     
         754 -0.64544226002887339     
         755 -0.64486173160045857     
         756 -0.64345857032273857     
         757 -0.64227586212145049     
         758 -0.64104573277277865     
         759 -0.64022919751384122     
         760 -0.63855925134946456     
         761 -0.63721541440748131     
         762 -0.63610274247032739     
         763 -0.63528479376394753     
         764 -0.63453047026937415     
         765 -0.63539694971407601     
         766 -0.63566739855311682     
         767 -0.63534926712105699     
         768 -0.63497114708081048     
         769 -0.63414847542817554     
         770 -0.63324916552681676     
         771 -0.63221771378797131     
         772 -0.63121166547509011     
         773 -0.62997075403763425     
         774 -0.62723057565719598     
         775 -0.62428575390236984     
         776 -0.62280267467822592     
         777 -0.62168487242012371     
         778 -0.62036731646224386     
         779 -0.61802737903776905     
         780 -0.61510712813735968     
         781 -0.61242980886327858     
         782 -0.61024479041487401     
         783 -0.60719099810264188     
         784 -0.60389269588273697     
         785 -0.60028408531550115     
         786 -0.59742721214981520     
         787 -0.59405617921251141     
         788 -0.59094157645871515     
         789 -0.58766379439210648     
         790 -0.58315053267900241     
         791 -0.57795274648866402     
         792 -0.57471723457466417     
         793 -0.57071790843692161     
         794 -0.56727597965912846     
         795 -0.56411691318863322     
         796 -0.56099101071431345     
         797 -0.55754233191733593     
         798 -0.55297823181717198     
         799 -0.54797085542732915     
         800 -0.54215852318333035     
         801 -0.53696139923386998     
         802 -0.53203931362764834     
         803 -0.52812117769700206     
         804 -0.52521003602568561     
         805 -0.52322783144531693     
         806 -0.52215507537427486     
         807 -0.52061441236863593     
         808 -0.51863268772096571     
         809 -0.51579245327814938     
         810 -0.51313701091844222     
         811 -0.50961079949539723     
         812 -0.50682307727186604     
         813 -0.50435669427210850     
         814 -0.50329860706943641     
         815 -0.50100317077013690     
         816 -0.50001771790070226     
         817 -0.49932542653095080     
         818 -0.49737448231981496     
         819 -0.49569312092196405     
         820 -0.49390427980065715     
         821 -0.49145049122448903     
         822 -0.48999551291398252     
         823 -0.48902306741774426     
         824 -0.48698506066373881     
         825 -0.48436651605177689     
         826 -0.48266413757994381     
         827 -0.48058392937120564     
         828 -0.47840648652211032     
         829 -0.47503210863127621     
         830 -0.47051770659321379     
         831 -0.46745261797523091     
         832 -0.46491084107354508     
         833 -0.46188375973809093     
         834 -0.45880914173810750     
         835 -0.45538183107220187     
         836 -0.45265367852023403     
         837 -0.44884841347670607     
         838 -0.44645639371937990     
         839 -0.44395010433055943     
         840 -0.44224788242068813     
         841 -0.44054754809371899     
         842 -0.43818520970136404     
         843 -0.43687305752154443     
         844 -0.43601601449159599     
         845 -0.43437981193761444     
         846 -0.43187900824980086     
         847 -0.42886198114252805     
         848 -0.42726360207191627     
         849 -0.42555785737440094     
         850 -0.42331845069723273     
         851 -0.42316835862272956     
         852 -0.42210332927363253     
         853 -0.42014072060785373     
         854 -0.41762125918914739     
         855 -0.41651854149988232     
         856 -0.41509323990818575     
         857 -0.41352265479117895     
         858 -0.41316153380594905     
         859 -0.41233759110845369     
         860 -0.41109493132245578     
         861 -0.41141178254850036     
         862 -0.41200154142555245     
         863 -0.41234879834038884     
         864 -0.41304921721479915     
         865 -0.41363747351121000     
         866 -0.41278848217953440     
         867 -0.41128329087130333     
         868 -0.40914639900072791     
         869 -0.40949779067911396     
         870 -0.40912672175616283     
         871 -0.40833952545150365     
         872 -0.40679894433236885     
         873 -0.40593568263585045     
         874 -0.40423879889786041     
         875 -0.40141344023376718     
         876 -0.39990010587854374     
         877 -0.39783005219964634     
         878 -0.39539792778657989     
         879 -0.39345661641285323     
         880 -0.39305296758820529     
         881 -0.39204792852567000     
         882 -0.39057618198055344     
         883 -0.38943925775820548     
         884 -0.38929126468892994     
         885 -0.38883118181882986     
         886 -0.38949229995957108     
         887 -0.38982300454339214     
         888 -0.39021802556318885     
         889 -0.39071070413740844     
         890 -0.39022279433894275     
         891 -0.38780094177306879     
         892 -0.38576004939552067     
         893 -0.38405205428625544     
         894 -0.38094291200539993     
         895 -0.37955708683543837     
         896 -0.37887306338841148     
         897 -0.37955191166062885     
         898 -0.38043805764197641     
         899 -0.38064824220555016     
         900 -0.38091302297609569     
         901 -0.37929445292246200     
         902 -0.37681995649090205     
         903 -0.37398221440442742     
         904 -0.37074510746681155     
         905 -0.36750291905402882     
         906 -0.36541879314690029     
         907 -0.36456884001165141     
         908 -0.36432358737210696     
         909 -0.36325989343394455     
         910 -0.36072754129924472     
         911 -0.35810070474555938     
         912 -0.35498613711538135     
         913 -0.35025886472414874     
         914 -0.34589187124111587     
         915 -0.34141063812295103     
         916 -0.33631032211837120     
         917 -0.33135407049159271     
         918 -0.32828358051238293     
         919 -0.32559157378057163     
         920 -0.32210760790104581     
         921 -0.31919821515426078     
         922 -0.31648018864240396     
         923 -0.31183252813372908     
         924 -0.30691100300101209     
         925 -0.30069798435503214     
         926 -0.29441617195687803     
         927 -0.29079178520903776     
         928 -0.28644636014101726     
         929 -0.28316742965725139     
         930 -0.27785978494471836     
         931 -0.27121187452506074     
         932 -0.26318933073776357     
         933 -0.25162267251828369     
         934 -0.23483912042621549     
         935 -0.21941419378110916     
         936 -0.20460962662223450     
         937 -0.18899431710452266     
         938 -0.17543996696448930     
         939 -0.16109829244313770     
         940 -0.14414155763612235     
         941 -0.12570248017129620     
         942 -0.10617537167077876     
         943  -8.1609663568141880E-002
         944  -5.6971541360024622E-002
         945  -2.9608697795159351E-002
         946  -6.7127889531058216E-003
         947   2.5091751114397504E-002
         948   6.0349474605963946E-002
         949   9.1471862826603204E-002
         950  0.12387787056134841     
         951  0.15480019263173181     
         952  0.19218103831695899     
         953  0.23141898979363565     
         954  0.27360904718769830     
         955  0.31418862464147274     
         956  0.35076147160814525     
         957  0.39142747787559179     
         958  0.43431849869169337     
         959  0.47701469743712149     
         960  0.52114489108290718     
         961  0.55166529443273027     
         962  0.58141097077186665     
         963  0.61128882547487129     
         964  0.65132129231762137     
         965  0.66840154180746392     
         966  0.68923497182403293     
         967  0.70515741326128667     
         968  0.72374053491385504     
         969  0.74847193962387515     
         970  0.76717245764129294     
         971  0.79383142552262942     
         972  0.80463608665771980     
         973  0.81494360824801038     
         974  0.82567901311832814     
         975  0.83245720968134507     
         976  0.83912326773333057     
         977  0.84578900308814042     
         978  0.84860360247626809     
         979  0.85161611363767642     
         980  0.85694969599362658     
         981  0.85636054665841033     
         982  0.86573027260794833     
         983  0.86636663890825005     
         984  0.86449869437827187     
         985  0.86351159740226202     
         986  0.86510847954247683     
         987  0.86623208672330709     
         988  0.86824280653133312     
         989  0.87257625253256887     
         990  0.87664169867488995     
         991  0.87791259344800243     
         992  0.87244312081702824     
         993  0.86765102403189953     
         994  0.86650077498512712     
         995  0.86665090602504025     
         996  0.86722408385524463     
         997  0.87029256011369327     
         998  0.87302659404247207     
         999  0.87037591561732230     
        1000  0.86961420891998820     
        1001  0.87085149307296994     
        1002  0.88539229988736468     
        1003  0.89921564334892234     
        1004  0.90098723953569126     
        1005  0.90660640134804649     
        1006  0.91297901041466178     
        1007  0.92954290977670972     
        1008  0.93220166444659058     
        1009  0.94614207302045616     
        1010  0.96484266917180483     
        1011  0.99217792541949956     
        1012  0.99509877883896092     
        1013  0.99605654764402030     
        1014  0.99645096884416695     
        1015  0.99689069478537795     
        1016  0.99780494901753081     
        1017  0.99856723099456579     
        1018  0.99882965617974406     
        1019  0.99872033128886595     
        1020  0.99976866083096161     
        1021  0.99900707050492343     
        1022  0.99826416269754548     
        1023  0.99977028370422105     
        1024   1.0000000000000000     
