   6.9000883811859030E-310           0
  0.44000000044703480                1
  0.34015998694658300                2
  0.33350805872170841                3
  0.33333505460568141                4
  0.33333323511353352                5
  0.33333318433376413                6
  0.33333313465125097                7
  0.33333307877192653                8
  0.33333301668380799                9
  0.33333294838689093               10
  0.33333287388117927               11
  0.33333279316667708               12
  0.33333270624338884               13
  0.33333261311131956               14
  0.33333251377047424               15
  0.33333240822085852               16
  0.33333229646247842               17
  0.33333217849534003               18
  0.33333205431945001               19
  0.33333192393481520               20
  0.33333178734144303               21
  0.33333164453934094               22
  0.33333149552851704               23
  0.33333134030897971               24
  0.33333117888073760               25
  0.33333101124379966               26
  0.33333083739817526               27
  0.33333065734387413               28
  0.33333047108090641               29
  0.33333027860928244               30
  0.33333007992901298               31
  0.33332987504010908               32
  0.33332966394258234               33
  0.33332944663644432               34
  0.33332922312170737               35
  0.33332899339838390               36
  0.33332875746648671               37
  0.33332851532602914               38
  0.33332826697702456               39
  0.33332801241948684               40
  0.33332775165343032               41
  0.33332748467886941               42
  0.33332721149581923               43
  0.33332693210429498               44
  0.33332664650431221               45
  0.33332635469588690               46
  0.33332605667903531               47
  0.33332575245377427               48
  0.33332544202012054               49
  0.33332512537809161               50
  0.33332480252770513               51
  0.33332447346897914               52
  0.33332413820193207               53
  0.33332379672658258               54
  0.33332344904294986               55
  0.33332309515105324               56
  0.33332273505091259               57
  0.33332236874254789               58
  0.33332199622597974               59
  0.33332161750122891               60
  0.33332123256831647               61
  0.33332084142726415               62
  0.33332044407809358               63
  0.33332004052082703               64
  0.33331963075548715               65
  0.33331921478209670               66
  0.33331879260067904               67
  0.33331836421125777               68
  0.33331792961385670               69
  0.33331748880850015               70
  0.33331704179521288               71
  0.33331658857401975               72
  0.33331612914494602               73
  0.33331566350801761               74
  0.33331519166326024               75
  0.33331471361070053               76
  0.33331422935036487               77
  0.33331373888228066               78
  0.33331324220647518               79
  0.33331273932297623               80
  0.33331223023181178               81
  0.33331171493301026               82
  0.33331119342660059               83
  0.33331066571261203               84
  0.33331013179107377               85
  0.33330959166201568               86
  0.33330904532546812               87
  0.33330849278146157               88
  0.33330793403002690               89
  0.33330736907119518               90
  0.33330679790499818               91
  0.33330622053146775               92
  0.33330563695063609               93
  0.33330504716253584               94
  0.33330445116719998               95
  0.33330384896466181               96
  0.33330324055495492               97
  0.33330262593811344               98
  0.33330200511417163               99
  0.33330137808316412              100
