   1.0000000000000000                0
   1.5599999459087854                1
   1.6598398513698638                2
   1.6664916308309465                3
   1.6666644486889397                4
   1.6666660446638040                5
   1.6666658346733632                6
   1.6666655863328204                7
   1.6666653069362600                8
   1.6666649964956837                9
   1.6666646550111164               10
   1.6666642824825773               11
   1.6666638789100874               12
   1.6666634442936690               13
   1.6666629786333464               14
   1.6666624819291458               15
   1.6666619541810950               16
   1.6666613953892233               17
   1.6666608055535621               18
   1.6666601846741440               19
   1.6666595327510041               20
   1.6666588497841783               21
   1.6666581357737054               22
   1.6666573907196249               23
   1.6666566146219788               24
   1.6666558074808102               25
   1.6666549692961641               26
   1.6666541000680875               27
   1.6666531997966290               28
   1.6666522684818388               29
   1.6666513061237689               30
   1.6666503127224732               31
   1.6666492882780075               32
   1.6666482327904284               33
   1.6666471462597954               34
   1.6666460286861688               35
   1.6666448800696114               36
   1.6666437004101873               37
   1.6666424897079621               38
   1.6666412479630037               39
   1.6666399751753815               40
   1.6666386713451669               41
   1.6666373364724323               42
   1.6666359705572527               43
   1.6666345735997041               44
   1.6666331455998646               45
   1.6666316865578141               46
   1.6666301964736341               47
   1.6666286753474076               48
   1.6666271231792200               49
   1.6666255399691579               50
   1.6666239257173094               51
   1.6666222804237654               52
   1.6666206040886173               53
   1.6666188967119591               54
   1.6666171582938860               55
   1.6666153888344954               56
   1.6666135883338860               57
   1.6666117567921581               58
   1.6666098942094143               59
   1.6666080005857586               60
   1.6666060759212971               61
   1.6666041202161370               62
   1.6666021334703878               63
   1.6666001156841606               64
   1.6665980668575677               65
   1.6665959869907243               66
   1.6665938760837462               67
   1.6665917341367511               68
   1.6665895611498591               69
   1.6665873571231917               70
   1.6665851220568717               71
   1.6665828559510241               72
   1.6665805588057756               73
   1.6665782306212542               74
   1.6665758713975907               75
   1.6665734811349162               76
   1.6665710598333650               77
   1.6665686074930719               78
   1.6665661241141740               79
   1.6665636096968099               80
   1.6665610642411204               81
   1.6665584877472477               82
   1.6665558802153355               83
   1.6665532416455293               84
   1.6665505720379772               85
   1.6665478713928281               86
   1.6665451397102327               87
   1.6665423769903438               88
   1.6665395832333159               89
   1.6665367584393049               90
   1.6665339026084687               91
   1.6665310157409670               92
   1.6665280978369608               93
   1.6665251488966133               94
   1.6665221689200895               95
   1.6665191579075556               96
   1.6665161158591799               97
   1.6665130427751325               98
   1.6665099386555848               99
   1.6665068035007107              100
